1 0.760417 0.275817 0.137500 0.088889
1 0.679167 0.309150 0.216667 0.071895
1 0.439583 0.210458 0.220833 0.088889
1 0.306250 0.288889 0.170833 0.065359
1 0.589583 0.381699 0.229167 0.065359
1 0.745833 0.411111 0.225000 0.087582
1 0.747917 0.491503 0.187500 0.065359
1 0.560417 0.466013 0.212500 0.092810
1 0.495833 0.584314 0.233333 0.078431
1 0.720833 0.606536 0.208333 0.096732
1 0.331250 0.716993 0.270833 0.084967
1 0.187500 0.767320 0.150000 0.101961
1 0.237500 0.862092 0.141667 0.082353
1 0.393750 0.835294 0.287500 0.075817
1 0.537500 0.783007 0.191667 0.081046
1 0.745833 0.801307 0.225000 0.078431
1 0.710417 0.707843 0.254167 0.100654
1 0.768750 0.919608 0.162500 0.082353
1 0.593750 0.946405 0.270833 0.096732
1 0.366667 0.517647 0.233333 0.075817
1 0.485417 0.109150 0.229167 0.111111
1 0.227083 0.105882 0.220833 0.065359
1 0.204167 0.195425 0.208333 0.100654
1 0.252083 0.339869 0.137500 0.060131
1 0.243750 0.405882 0.104167 0.058824
1 0.372917 0.429412 0.120833 0.071895
1 0.264583 0.472549 0.179167 0.074510
